46
37
46
20
38
47
37
41
37
23
25
39
38
39
37
40
44
46
42
40
24
18
46
43
37
34
38
43
44
37
40
29
39
41
48
44
34
35
38
26
48
46
31
42
38
41
45
39
35
44
41
31
39
34
37
39
41
21
32
38
48
30
39
31
37
32
27
31
18
46
29
38
36
30
41
38
43
20
29
15
29
42
30
42
30
40
43
37
36
42
46
40
29
23
47
30
20
44
41
41
27
38
29
35
32
43
36
41
23
46
44
36
42
45
40
40
43
48
32
39
27
44
30
43
44
35
35
26
33
47
34
39
20
40
36
44
15
32
36
40
37
29
35
26
41
32
29
45
39
46
22
31
46
29
46
42
32
47
38
39
13
34
28
38
33
27
44
38
47
40
38
36
32
31
34
34
15
46
17
31
34
31
37
46
25
30
33
45
37
24
41
38
34
46
29
31
41
24
35
32
36
44
29
45
24
38
30
38
30
40
37
36
43
41
30
25
43
41
26
34
40
45
39
34
42
38
42
40
35
46
32
22
43
28
27
31
33
24
36
40
22
40
40
24
48
47
37
25
27
31
42
38
41
25
37
43
39
28
29
40
40
37
31
34
46
43
45
37
41
41
37
37
35
35
46
24
29
41
24
39
33
47
44
34
39
38
35
40
37
46
42
22
37
33
37
37
44
46
36
44
36
37
39
43
44
32
34
27
39
32
28
47
19
23
44
42
46
42
32
41
36
48
36
32
30
40
32
33
45
45
33
36
34
35
41
41
43
25
39
23
34
39
39
40
36
36
39
43
30
33
27
36
34
38
32
31
31
38
41
42
34
15
19
35
44
48
36
40
45
37
43
38
29
45
37
29
17
41
30
37
30
29
28
31
44
36
32
42
37
46
46
42
46
28
19
21
38
40
43
41
43
36
38
29
34
36
35
31
43
34
38
41
32
41
26
19
36
32
44
42
22
31
42
36
32
43
48
45
32
29
40
30
43
37
27
17
35
38
29
28
25
37
30
47
35
36
44
43
31
45
36
33
36
35
33
40
47
40
33
36
41
24
34
34
26
41
25
26
27
44
46
31
40
35
35
44
42
24
43
29
35
37
42
45
38
34
41
44
38
18
24
29
28
38
33
44
31
31
34
30
44
36
20
30
42
39
23
33
48
40
46
31
41
39
38
30
36
36
30
32
48
20
44
19
21
33
29
34
31
47
34
25
44
37
23
31
30
33
39
48
36
35
45
39
43
30
45
30
38
28
10
43
34
30
46
43
45
27
40
37
33
20
32
32
44
26
39
21
30
30
40
19
45
36
30
45
25
31
35
42
39
38
44
40
44
41
35
32
24
38
30
30
36
36
41
44
36
43
39
26
47
43
37
24
24
35
28
32
44
41
41
41
29
38
38
41
30
32
23
31
42
27
46
43
32
33
44
44
43
45
45
30
34
40
41
42
44
25
33
45
44
27
41
28
26
29
31
28
25
41
36
45
48
35
34
42
28
41
28
33
42
41
44
40
14
43
45
45
25
36
39
30
32
44
44
31
38
47
24
33
26
31
37
36
41
37
19
35
47
33
34
32
39
40
32
37
37
44
38
34
33
30
37
32
43
24
43
39
41
25
29
26
41
30
37
31
29
35
31
39
25
30
33
20
28
40
42
37
40
41
37
39
38
40
35
17
29
19
36
36
41
38
34
30
38
35
37
33
35
33
31
39
39
40
41
44
36
24
39
35
36
43
39
38
25
42
46
45
30
27
37
38
38
32
28
23
46
35
41
24
21
29
42
33
30
41
43
43
27
36
37
42
35
45
45
32
44
35
35
33
33
32
30
35
38
40
41
45
29
42
39
24
35
41
45
29
41
36
39
39
32
40
34
39
40
34
26
20
29
40
33
16
21
29
28
33
32
41
24
39
15
44
46
37
27
41
33
43
31
32
48
42
32
48
44
28
27
27
23
44
29
33
30
37
42
42
44
35
38
39
38
37
42
30
44
47
47
24
33
39
44
31
43
27
43
22
28
45
17
23
37
46
46
33
14
34
36
43
39
36
31
42
28
40
31
35
28
29
41
42
19
34
27
27
39
26
30
45
38
33
35
47
42
43
33
31
27
34
38
16
32
45
37
38
37
37
32
41
40
43
25
36
35
39
23
37
39
33
13
36
34
25
42
41
45
24
35
45
27
41
35
39
43
29
43
47
35
26
33
47
45
38
38
35
44
39
26
47
27
43
36
48
48
38
39
36
27
30
36
32
26
43
44
38
38
44
16
27
38
46
39
47
46
17
27
40
31
36
20
43
48
22
30
35
44
34
42
26
39
38
41
31
46
31
38
36
36
38
41
24
35
40
47
37
44
34
36
39
47
42
40
37
24
30
38
41
32
32
33
12
39
32
35
35
46
48
25
30
26
18
41
36
38
28
31
35
36
42
36
44
43
37
24
43
33
33
44
44
41
47
32
46
37
41
23
34
23
45
36
37
34
45
30
36
36
28
32
34
44
42
36
45
26
30
14
28
34
31
32
35
45
43
45
28
25
32
45
31
46
37
41
37
42
26
47
39
45
41
27
37
41
33
36
22
35
43
42
44
36
44
20
43
37
41
43
40
37
41
39
37
40
36
38
39
37
40
43
29
40
37
29
24
34
27
48
33
34
29
42
39
36
41
40
36
29
33
34
37
32
44
39
44
44
35
32
40
41
42
43
46
40
37
34
29
30
45
42
37
34
37
46
43
34
15
31
31
43
32
38
40
48
43
44
30
41
38
34
40
39
38
26
38
47
43
46
33
33
43
46
43
36
41
31
43
37
29
37
42
45
39
46
48
43
44
43
33
46
34
42
44
43
36
43
38
35
25
23
43
45
38
33
46
35
14
13
30
38
44
33
38
47
32
43
38
42
31
42
34
38
25
24
38
25
45
42
41
43
26
33
38
33
31
38
28
34
33
43
35
38
41
41
35
32
45
35
29
36
30
30
34
35
33
33
24
47
31
29
30
22
29
48
40
44
33
30
13
39
45
35
42
32
34
44
45
40
35
35
43
43
38
46
23
20
48
33
36
46
43
20
40
39
44
42
30
39
37
44
28
47
28
45
28
33
33
41
21
22
32
48
42
38
44
42
44
42
27
13
41
38
30
44
47
24
46
35
46
40
29
30
41
40
26
41
44
36
39
45
39
41
39
34
36
34
28
46
43
41
30
43
42
46
28
31
40
41
37
42
32
39
42
18
36
36
45
32
44
20
44
43
35
38
25
41
32
45
46
39
39
43
41
36
21
43
44
32
41
31
24
45
42
39
42
41
35
48
37
23
27
40
26
37
27
33
44
17
46
31
39
42
34
39
26
36
21
44
45
41
35
24
42
31
22
36
36
33
31
44
31
32