49
47
47
40
39
49
42
45
45
25
30
49
46
41
45
45
48
47
46
43
27
48
48
49
46
47
39
44
46
48
45
35
46
44
49
45
45
47
42
34
49
49
49
46
40
42
46
41
48
45
49
38
49
49
45
43
47
29
43
43
49
35
46
49
49
42
40
44
48
49
32
45
47
36
44
46
44
35
32
39
48
47
33
44
48
44
46
42
42
46
48
45
32
38
49
34
28
49
46
44
49
39
41
44
44
47
43
48
48
47
49
49
49
49
49
46
49
49
46
46
38
48
45
47
46
36
37
35
39
48
48
49
35
43
43
46
33
38
37
47
49
48
41
47
45
43
30
46
48
49
35
47
49
47
49
45
39
49
41
45
36
36
31
49
39
36
45
48
48
42
42
37
33
46
35
38
20
47
40
42
49
44
40
49
37
42
37
46
47
43
49
48
42
47
30
32
47
44
49
33
40
48
38
47
44
39
36
48
37
41
46
49
46
45
47
31
45
48
34
35
43
46
40
48
44
49
47
49
39
48
40
46
48
35
47
43
38
48
41
45
29
43
41
38
49
48
47
40
45
45
47
49
46
31
45
46
47
39
34
43
42
39
33
49
49
45
47
43
45
47
41
42
36
46
48
28
39
42
25
41
39
49
48
47
44
41
49
46
45
49
44
23
39
35
46
48
48
48
42
46
42
42
46
47
45
36
37
29
40
44
47
48
25
36
46
48
48
46
43
47
45
49
48
45
40
47
38
35
46
49
38
41
39
48
49
45
44
26
40
32
39
46
47
48
37
48
41
46
47
38
45
39
43
47
44
35
33
49
45
45
45
39
21
48
48
49
47
43
46
47
45
42
34
46
47
45
29
45
41
45
42
31
34
34
47
40
36
46
44
48
47
48
47
39
36
30
44
41
47
42
44
46
48
30
41
39
36
39
47
35
47
43
40
45
46
31
47
41
49
48
28
42
45
48
36
48
49
47
38
31
42
36
45
40
45
28
42
45
32
38
37
45
42
48
37
37
49
44
35
46
44
37
48
41
42
49
48
41
47
43
42
30
44
45
44
44
35
45
31
46
48
41
43
48
49
45
44
48
45
33
38
42
43
47
43
43
47
48
49
22
41
30
31
47
37
45
47
38
44
41
48
49
28
40
48
49
42
36
49
45
47
34
49
45
42
41
39
44
48
43
49
34
45
29
49
35
32
49
46
49
44
28
47
43
42
42
41
46
43
49
49
36
48
40
48
39
47
47
47
29
32
47
41
34
48
44
48
47
49
48
45
43
40
43
46
36
48
36
36
49
43
46
49
48
48
47
49
34
36
48
40
47
47
46
49
45
38
43
26
42
32
47
38
42
45
45
44
47
42
28
48
44
45
29
30
40
41
48
46
49
47
44
42
39
39
47
34
33
24
47
43
32
49
47
40
49
49
48
45
47
46
44
45
42
45
48
49
36
41
49
45
44
44
44
44
39
48
37
42
47
40
46
49
41
39
49
47
43
31
35
49
46
46
42
40
47
46
46
45
38
40
48
47
49
48
48
39
48
35
39
28
32
38
42
48
42
25
45
49
42
47
48
43
49
43
42
39
48
39
40
37
44
44
35
47
27
44
43
44
33
46
47
46
40
38
38
48
45
41
40
37
37
35
40
40
42
46
40
41
46
38
46
44
41
38
24
47
39
38
38
44
42
48
41
47
38
44
42
39
38
47
41
46
41
48
49
40
42
42
40
47
47
49
43
34
44
48
46
49
35
48
48
39
43
42
31
48
45
46
38
25
46
46
48
40
47
44
44
33
48
48
47
37
47
46
47
48
47
46
34
36
37
44
37
44
46
46
47
39
46
41
31
44
47
49
30
45
42
49
49
38
47
49
46
43
45
38
44
43
41
48
31
32
30
48
42
44
44
45
47
43
45
49
39
49
48
42
48
37
41
49
46
46
49
46
49
35
34
38
45
32
49
31
40
44
43
47
42
41
46
49
47
47
48
46
48
49
47
36
47
46
34
44
49
45
39
32
47
36
38
48
49
48
34
25
42
39
44
47
42
33
45
40
41
36
41
30
48
47
44
26
46
46
44
41
31
37
49
46
37
42
48
46
45
43
33
43
48
40
20
34
47
49
40
47
40
40
46
41
44
47
43
38
48
31
43
40
38
47
39
45
26
46
47
49
26
40
46
39
48
46
46
45
43
46
49
42
27
43
48
47
43
41
43
45
46
34
48
33
46
44
49
49
43
43
42
44
42
40
48
32
49
45
41
46
47
42
33
48
49
45
48
48
29
48
46
43
45
44
47
49
34
43
39
45
37
43
27
40
49
47
46
47
39
46
40
39
47
44
44
36
48
49
38
45
38
43
43
49
46
41
40
47
41
44
49
40
49
44
17
42
49
49
37
49
49
28
38
35
47
46
48
41
29
46
38
48
45
47
48
49
47
25
48
44
38
49
45
46
48
35
48
46
46
27
35
40
49
42
44
37
46
43
39
42
38
42
42
46
44
43
49
39
43
46
45
44
32
38
39
49
48
49
33
39
34
47
34
49
41
42
48
47
38
48
45
46
45
44
48
43
47
41
41
40
46
48
48
41
49
29
45
39
47
44
46
45
49
41
48
43
37
43
48
44
42
49
42
49
47
31
41
38
30
49
37
45
48
44
49
49
47
47
46
42
49
47
38
47
45
43
46
47
40
44
43
49
45
48
47
48
42
41
49
35
46
44
38
47
39
47
45
35
17
42
46
47
45
47
47
49
44
48
49
46
49
48
47
42
47
48
49
48
49
48
46
49
46
47
48
46
45
33
44
45
48
45
45
49
42
47
49
45
45
44
44
47
47
46
45
45
37
46
42
44
42
41
44
49
41
45
47
45
30
29
35
40
48
48
43
49
45
44
43
44
36
46
46
41
31
38
42
34
46
47
46
47
39
39
47
48
41
44
32
38
42
45
37
41
42
47
37
39
49
47
37
39
35
31
44
42
41
39
35
49
45
45
33
23
44
49
43
49
42
34
47
41
47
43
48
42
42
47
46
41
47
44
46
45
45
49
43
24
49
40
46
49
48
32
49
40
49
45
34
46
39
49
38
49
36
49
29
48
47
46
26
29
33
49
44
47
47
43
48
47
40
39
46
47
49
45
49
33
49
45
47
41
34
35
46
46
33
43
47
42
48
47
44
49
49
40
40
46
41
49
46
49
33
48
43
47
35
41
45
49
41
43
39
43
45
41
39
41
46
44
48
44
49
49
45
44
32
45
38
47
49
46
45
47
44
42
36
45
48
35
45
32
28
49
44
43
43
48
38
49
49
44
29
46
45
40
28
43
49
18
48
47
44
45
43
45
28
41
31
45
46
48
40
48
45
45
44
48
40
38
37
47
39
44