17
24
8
12
10
29
22
19
11
11
20
10
29
23
21
31
33
24
24
30
20
8
39
27
16
7
34
33
28
28
33
23
18
7
39
19
22
23
24
16
11
31
16
27
19
32
26
35
14
30
16
22
21
29
20
25
27
14
11
14
21
19
15
19
14
21
8
13
12
25
8
19
21
15
21
28
19
14
15
13
17
11
21
6
21
33
22
30
26
29
39
14
13
13
35
22
14
21
21
30
20
18
20
27
13
21
23
27
17
39
41
23
32
12
28
23
11
38
9
22
20
33
14
34
22
13
9
21
15
23
31
26
8
32
33
40
10
28
27
14
22
20
15
16
28
19
23
41
36
26
14
24
27
17
27
11
12
36
22
26
7
14
20
10
26
8
36
28
33
31
30
30
13
25
17
18
12
9
10
27
19
9
28
30
15
17
30
31
22
14
32
29
14
17
17
16
24
12
13
21
29
29
18
34
20
11
16
26
22
17
14
16
38
14
23
18
24
10
15
25
9
26
29
19
35
21
33
22
11
37
21
11
32
13
17
25
26
15
21
23
11
20
13
3
43
36
16
21
17
13
18
9
32
19
22
13
15
25
14
34
21
29
6
30
41
36
25
25
28
28
15
13
16
24
33
14
20
20
21
27
19
42
34
19
19
22
25
29
11
7
26
20
29
22
27
5
41
16
25
20
27
28
28
23
29
20
28
10
26
19
17
26
13
10
26
17
34
16
21
31
15
35
29
27
17
24
8
21
26
38
29
16
20
16
36
34
19
20
34
16
14
11
23
25
24
15
25
13
27
27
17
13
26
20
14
20
26
32
26
39
22
6
16
14
32
37
12
28
32
19
27
27
16
26
25
17
11
23
22
13
25
22
24
21
30
28
24
35
26
27
23
29
21
16
7
11
15
28
30
26
36
15
4
23
17
19
20
11
25
14
9
21
19
33
11
6
31
19
16
30
11
16
17
16
22
24
34
17
24
10
9
21
9
19
19
11
28
24
23
14
21
23
5
28
28
32
23
16
10
25
21
14
29
13
24
22
38
38
18
25
22
17
19
14
15
25
3
15
14
19
27
8
29
29
13
36
28
9
11
12
33
10
30
20
28
28
30
27
36
8
10
15
19
29
25
30
15
27
28
6
39
26
7
14
29
24
19
22
28
19
29
23
35
31
19
23
13
9
22
17
27
13
29
11
10
21
22
7
17
30
21
11
19
25
13
18
13
21
32
42
32
19
24
32
31
13
10
6
16
17
5
30
32
24
44
38
28
21
19
24
12
16
23
30
12
18
25
15
9
22
21
15
11
21
8
11
18
19
22
19
28
30
34
24
21
33
23
20
15
18
23
17
21
21
27
25
12
27
33
22
15
28
16
9
5
28
12
21
30
28
32
14
14
30
27
20
11
19
17
20
28
18
38
36
15
29
41
36
18
39
21
23
15
21
21
29
27
19
20
8
35
17
27
20
14
22
14
17
11
26
17
21
26
25
15
24
5
26
25
19
33
29
23
36
5
36
33
16
13
16
30
10
6
42
30
26
31
29
19
20
22
26
17
26
24
31
16
21
33
29
25
19
23
38
18
6
24
34
25
26
24
15
14
13
19
17
37
29
10
19
14
20
15
17
27
21
13
18
14
32
11
17
25
18
19
27
14
28
30
27
25
19
21
17
28
13
16
16
27
25
12
23
25
19
26
15
28
22
29
23
7
26
33
11
19
12
28
11
21
16
16
31
26
26
18
33
39
22
19
14
21
20
8
27
16
15
18
18
31
17
18
10
9
7
16
19
31
31
5
27
30
18
29
39
28
16
24
10
30
10
22
15
9
23
16
29
30
30
14
27
36
17
21
33
30
24
33
23
25
34
16
23
29
7
9
24
23
7
23
11
23
6
13
9
16
22
14
11
18
32
7
8
28
28
23
35
9
23
27
18
35
26
19
33
28
8
20
15
16
26
11
24
13
23
28
29
21
22
15
19
28
21
29
14
36
34
21
16
17
35
15
24
17
14
28
12
15
39
13
13
21
39
28
23
9
24
19
22
9
23
21
23
22
30
22
32
12
4
30
25
17
16
18
21
30
18
24
6
34
19
31
13
34
18
28
14
17
23
30
6
29
16
10
23
29
23
11
19
26
27
14
21
31
10
9
18
32
23
10
32
28
12
35
33
17
9
27
22
14
28
25
24
41
13
32
31
22
20
19
30
26
29
28
12
18
26
22
34
21
30
20
43
43
25
32
26
12
19
9
17
15
10
24
19
16
30
12
25
16
37
20
27
36
12
22
33
21
16
16
16
18
11
18
25
27
23
30
16
22
31
13
4
21
23
12
23
24
30
26
19
17
17
44
29
39
29
29
14
36
27
36
22
13
17
15
33
23
21
11
6
35
22
27
25
26
37
22
24
18
16
21
26
30
17
6
30
27
29
24
17
30
23
13
39
22
25
21
38
33
21
12
40
17
26
19
17
16
32
20
26
17
25
21
30
16
12
15
11
35
34
14
26
6
7
5
19
17
13
18
26
20
21
28
8
16
19
18
14
35
29
18
29
13
20
32
16
38
35
12
33
33
15
32
17
15
19
24
31
22
35
13
21
18
14
24
29
31
15
30
15
13
29
26
28
17
25
29
16
24
23
18
11
26
6
31
16
24
24
30
12
32
19
21
22
10
19
19
16
18
39
11
22
30
21
29
24
30
37
39
25
4
9
17
22
21
30
13
30
12
20
27
16
13
9
21
19
32
21
21
36
19
36
34
9
35
22
12
8
14
33
19
20
45
28
20
23
25
37
23
15
28
27
24
18
17
18
15
22
32
29
25
31
32
33
24
23
38
7
16
27
19
20
7
19
26
18
18
25
34
28
19
33
31
9
7
12
24
40
20
13
30
29
17
15
15
23
33
20
28
23
21
24
18
38
29
35
29
14
25
17
20
14
13
16
26
30
26
30
24
22
30
23
16
16
19
16
13
24
24
26
27
29
19
21
29
15
7
25
14
23
30
19
22
16
17
7
24
22
24
26
4
25
37
26
20
25
23
37
37
29
40
20
13
25
23
16
43
19
17
14
20
24
26
20
19
27
16
18
23
18
19
16
30
27
17
10
18
23
32
16
29
31
19
17
40
18
9
29
25
15
18
37
12
39
23
29
17
21
18
17
14
13
27
32
12
24
32
21
26
10
18
16
18
13
27
34
33
12
21
23
32
20
17
14
27
26
25
21
27
30
15
19
23
42
9
20
13
28
35
17
18
19
26
15
18
36
25
21
27
26
9
12
31
38
20
37
22
14
18
31
34
19
12
25
32
21
10
25
23
23
24
16
30
36
11
35
23
36
32
25
20
19
14
13
16
31
13
33
15
16
19
8
12
20
16
22
32
12
21