14
2
5
9
6
19
12
16
10
8
19
3
20
22
15
19
26
2
13
19
15
4
5
15
12
2
32
15
13
24
31
18
17
3
31
14
8
15
17
13
10
27
10
23
9
20
10
30
10
18
8
18
8
5
14
24
13
7
7
4
15
14
12
13
5
11
4
11
11
17
4
17
16
7
3
6
18
8
11
9
12
4
14
4
8
29
14
26
25
12
19
10
7
7
14
15
13
10
13
22
12
12
9
12
12
12
13
9
15
38
38
13
8
8
27
12
6
30
2
11
12
31
10
27
7
8
7
9
9
7
19
21
7
28
18
38
8
25
19
8
8
13
6
2
24
6
16
16
13
23
8
16
15
7
22
10
10
24
21
19
6
11
19
8
19
3
34
25
28
30
21
24
3
16
13
6
6
6
9
20
14
8
27
20
13
15
7
20
6
12
29
25
11
16
4
9
20
6
4
18
20
19
13
32
17
10
12
20
21
5
11
14
17
9
21
11
19
6
13
18
5
18
15
14
18
3
26
16
8
31
8
9
23
9
2
16
18
7
17
7
9
18
6
2
34
11
12
5
4
10
5
4
29
15
6
8
12
9
13
19
18
21
4
18
19
30
3
13
24
13
14
11
8
10
30
11
14
15
15
19
12
13
23
18
6
12
24
27
9
5
25
16
27
12
25
2
25
4
21
3
23
22
24
21
25
9
11
5
23
5
6
22
10
8
24
16
27
4
20
25
4
25
8
14
15
22
7
8
8
34
28
8
9
9
10
5
18
6
24
10
9
8
17
8
8
14
17
8
9
25
8
10
5
14
9
18
21
9
19
26
12
5
15
10
30
30
10
16
21
11
9
22
9
17
15
14
10
11
19
10
6
13
18
18
26
23
5
24
21
25
12
7
11
12
6
6
11
19
17
18
7
11
2
19
12
6
4
10
14
12
5
15
13
16
9
4
17
17
12
24
6
14
5
11
16
21
33
14
23
8
8
5
8
6
16
9
19
14
3
11
19
22
4
13
8
28
7
5
5
24
19
5
16
10
16
4
32
23
16
7
12
6
18
12
14
18
2
9
8
15
22
3
25
26
12
9
23
7
10
10
30
9
12
9
16
10
18
24
15
5
8
8
18
17
18
28
9
22
25
4
19
19
2
10
7
17
14
17
23
7
11
21
33
15
12
19
5
8
21
9
23
8
17
7
9
4
12
4
12
4
19
10
15
22
9
3
10
7
26
13
12
17
17
21
17
12
3
4
6
9
3
28
29
12
23
19
14
8
7
22
10
15
17
21
7
4
13
14
6
14
19
10
6
20
7
8
15
3
10
15
23
17
21
12
17
29
21
4
14
14
16
15
13
17
24
19
7
15
31
21
11
17
5
7
3
25
8
16
22
21
20
12
13
7
17
11
10
12
14
3
12
12
34
12
12
16
35
19
17
11
14
19
14
11
20
15
4
10
16
4
33
13
21
3
3
11
6
16
7
19
11
17
17
13
7
3
3
23
18
15
31
13
15
9
4
34
21
9
12
12
19
9
5
34
12
11
30
21
7
19
19
18
11
22
4
3
3
20
31
17
24
13
17
30
17
2
5
23
17
25
20
13
4
10
6
14
29
27
8
13
12
13
14
13
25
19
12
17
13
28
3
15
11
5
18
10
9
14
29
12
10
7
17
12
21
11
11
7
24
19
8
20
22
16
21
10
10
15
18
13
4
7
30
9
17
5
21
8
7
13
9
12
23
10
6
32
29
21
17
10
11
11
2
26
12
5
4
15
23
6
16
7
6
6
6
17
26
26
4
22
24
16
26
4
14
9
16
3
26
9
7
5
4
14
9
22
26
25
11
18
23
10
15
6
12
21
15
5
8
31
13
13
19
4
6
9
18
5
21
7
14
2
9
3
13
21
13
5
8
10
6
7
25
15
6
20
5
20
22
12
29
8
18
8
20
5
9
10
9
25
4
11
11
20
10
26
16
20
7
15
16
10
17
9
26
29
10
12
5
30
9
13
14
11
12
8
13
32
9
12
8
37
24
10
4
13
12
21
7
13
7
21
15
23
14
25
10
2
29
23
9
12
10
5
14
14
16
3
22
15
30
12
30
7
26
6
13
12
16
5
27
15
9
22
14
8
10
16
23
25
11
16
7
5
6
12
18
21
6
28
25
11
25
32
13
7
17
5
11
26
10
19
26
11
20
20
17
15
14
22
23
22
20
5
8
21
14
12
20
10
10
18
18
15
31
24
8
16
7
14
10
5
20
8
15
23
5
8
13
30
16
13
19
7
19
13
12
14
5
10
12
4
14
5
19
2
28
8
20
9
7
2
7
18
6
10
14
8
16
14
16
15
18
15
10
13
24
11
24
16
35
8
12
13
11
28
4
17
9
4
34
14
20
18
17
17
19
2
11
8
15
20
29
15
3
29
24
27
18
13
17
18
11
23
9
22
20
34
19
9
6
10
7
20
16
9
10
24
14
20
11
15
18
14
9
9
13
10
34
8
8
18
5
3
4
12
12
9
13
21
6
8
21
6
15
4
13
13
17
10
17
21
9
12
26
14
37
28
11
31
25
8
11
4
3
14
16
20
19
33
9
16
7
8
21
23
30
10
19
14
9
4
8
23
13
5
5
14
17
3
8
7
22
2
29
4
22
22
15
10
19
17
8
19
8
18
17
14
13
38
10
19
9
18
28
15
24
23
16
15
2
8
13
17
20
10
11
26
7
15
9
13
12
7
16
17
30
15
10
30
17
21
21
7
10
20
10
7
13
14
13
12
13
20
18
19
22
7
16
7
25
22
13
14
15
10
9
19
6
20
13
28
21
17
23
13
20
3
9
15
9
15
4
15
5
12
14
11
9
23
12
29
20
5
4
7
20
33
11
9
26
17
12
7
3
12
30
15
17
17
20
21
14
6
28
20
20
13
22
13
13
10
11
7
14
13
19
5
16
20
19
20
7
12
16
15
11
17
19
22
12
26
14
18
28
7
6
16
8
12
14
7
15
7
11
3
22
12
20
14
2
22
13
19
13
10
19
10
28
12
30
15
10
19
5
11
20
10
15
3
13
18
21
13
8
3
9
15
14
13
8
14
29
16
16
3
17
15
30
14
21
17
17
13
34
7
6
18
16
5
17
31
10
34
15
27
15
9
13
13
13
11
11
20
3
7
22
14
8
6
14
11
5
3
7
29
31
10
19
18
21
19
12
13
24
19
22
11
5
19
6
14
20
33
3
16
11
12
7
13
12
15
19
5
10
19
20
15
23
21
6
8
16
19
14
13
20
4
13
28
27
11
8
24
26
15
8
21
14
12
18
13
29
30
8
5
21
32
7
10
12
9
9
10
12
23
12
24
11
12
9
5
9
10
7
20
29
9
5