28
27
13
14
16
46
24
27
13
22
23
35
31
31
27
39
42
31
33
37
22
16
42
38
36
10
37
39
33
35
37
25
24
38
46
28
32
32
28
22
35
34
19
31
22
36
29
38
17
31
35
29
24
30
23
36
37
18
27
36
37
22
35
20
32
24
13
28
13
39
13
37
29
24
26
35
27
17
25
14
18
16
23
34
23
36
27
35
35
33
40
31
19
17
42
24
16
43
34
35
25
25
26
34
17
33
25
31
22
43
42
32
33
19
34
24
41
42
26
27
25
42
16
35
37
29
30
23
23
36
32
34
17
38
34
42
13
31
34
29
32
24
28
21
33
22
27
42
38
39
20
29
38
26
28
15
18
44
29
28
9
26
27
31
29
19
38
32
41
33
34
31
18
30
23
30
13
15
16
28
27
22
32
40
20
23
31
41
36
20
34
35
31
19
27
30
29
23
19
25
35
33
25
35
21
22
28
30
25
25
15
19
40
35
25
23
32
40
20
29
36
42
32
32
38
25
35
27
17
41
24
12
42
16
22
30
32
23
25
28
14
36
16
7
47
44
27
23
22
16
28
30
38
21
23
31
32
26
18
38
26
36
10
32
43
40
34
34
30
36
24
33
33
33
37
21
21
24
23
38
23
43
41
22
27
34
32
31
19
28
31
21
33
32
32
7
43
43
35
33
28
36
33
31
39
22
33
16
35
20
18
44
15
13
29
41
45
39
24
36
29
36
30
30
24
37
23
25
30
39
30
33
26
18
37
39
24
21
38
18
22
27
26
29
26
23
27
41
29
29
20
21
33
33
27
27
29
33
28
40
32
8
17
23
37
43
29
39
40
28
30
37
28
37
35
26
16
28
23
25
28
23
26
28
31
32
26
36
28
38
31
38
43
19
13
18
17
39
32
40
38
26
33
25
18
27
30
21
30
17
25
32
27
35
14
17
34
31
26
41
15
29
34
35
27
26
36
27
25
16
25
29
20
32
23
13
34
30
28
16
23
28
20
31
33
35
32
32
21
32
30
19
32
16
31
36
41
39
25
26
38
23
21
19
16
27
14
19
18
26
29
11
32
32
17
39
36
21
21
28
34
19
41
44
32
30
39
37
37
16
17
19
24
35
30
40
21
29
29
19
41
33
16
16
30
27
21
23
31
23
33
26
40
35
24
27
25
33
29
23
46
19
32
18
16
22
25
18
27
41
24
17
29
35
14
27
17
25
35
45
33
24
31
38
32
23
14
18
37
19
8
42
33
25
45
39
43
23
28
29
18
17
31
31
18
21
33
20
22
24
32
18
34
33
24
32
20
28
24
25
34
32
40
25
24
36
28
27
18
22
28
27
30
29
29
42
17
34
36
25
35
29
20
13
10
34
23
22
33
34
39
34
24
37
34
22
21
31
21
27
36
23
39
38
23
30
43
40
39
40
33
28
30
38
31
37
28
23
23
11
43
19
37
22
24
27
19
23
22
37
23
24
27
29
28
26
12
34
27
21
41
37
28
37
10
42
42
28
15
19
33
15
29
43
37
29
32
35
20
29
24
30
33
33
40
34
18
26
36
32
30
24
33
39
19
28
27
36
30
33
29
21
34
21
34
18
41
31
30
24
23
21
38
23
31
29
22
31
27
37
20
18
29
19
20
35
36
30
38
37
32
21
34
33
33
16
27
18
28
31
18
30
27
21
36
17
30
25
33
26
29
34
34
28
27
24
30
22
29
25
22
32
29
34
20
35
43
40
29
26
24
32
16
28
24
22
36
29
32
18
20
25
23
30
20
34
37
37
24
34
31
19
33
44
40
27
29
16
34
12
24
23
18
28
21
39
33
31
25
34
37
23
34
38
37
28
34
30
35
38
29
32
32
13
28
29
24
17
26
20
27
11
19
21
24
26
18
14
21
37
14
26
36
35
26
36
19
31
30
20
47
38
24
36
40
24
24
20
19
37
22
29
14
26
33
41
35
33
26
26
33
31
32
22
42
37
31
22
27
36
41
28
32
17
38
18
23
42
16
20
29
42
31
32
13
26
34
27
36
35
27
31
26
33
25
33
27
28
37
41
18
29
19
26
37
19
25
21
35
22
32
15
41
36
30
30
24
29
37
8
31
43
20
36
32
29
20
34
29
37
23
25
32
21
14
30
33
30
12
34
33
22
37
34
28
12
31
43
18
40
27
26
42
17
41
33
24
23
20
46
40
37
37
33
41
29
23
43
25
35
31
47
47
37
34
33
18
26
10
18
17
17
26
21
35
38
13
26
22
45
27
33
40
16
26
38
29
28
18
17
35
16
22
31
33
24
31
22
27
35
28
5
36
29
33
26
31
34
39
23
29
32
46
32
43
33
34
19
39
40
39
34
20
22
17
34
25
28
13
9
37
30
34
31
43
47
24
26
23
17
38
27
32
27
7
31
34
39
26
43
35
28
15
42
27
32
35
40
36
22
16
42
23
31
22
28
18
41
21
36
23
39
23
33
25
17
23
31
39
39
17
31
23
23
13
21
29
15
20
33
43
34
38
27
18
28
24
19
37
30
31
36
16
24
38
21
41
36
14
35
40
19
34
20
16
23
37
39
26
39
19
40
34
38
25
32
34
25
33
19
15
33
29
34
36
35
39
20
33
25
20
16
27
18
38
19
31
26
34
28
34
37
23
32
22
24
31
24
22
41
34
31
38
32
31
30
32
39
42
35
19
11
32
28
28
31
23
32
29
23
32
20
29
13
30
21
33
22
26
39
47
38
35
23
40
30
28
30
22
35
20
37
46
29
27
29
28
40
39
29
31
40
26
35
31
21
31
32
40
35
41
43
40
41
34
29
41
26
24
30
25
32
30
37
30
19
22
33
39
36
28
45
32
12
10
14
37
42
22
37
31
30
24
20
22
29
38
26
33
24
23
33
19
39
32
37
35
17
26
35
32
26
31
26
27
31
32
33
27
39
31
27
27
25
24
18
32
26
27
29
31
31
24
22
30
23
15
29
16
24
37
25
41
32
28
12
29
37
29
33
10
31
38
31
39
26
29
41
38
30
42
22
19
28
26
17
44
31
18
36
37
29
31
23
34
36
42
27
26
19
25
18
31
29
19
16
19
29
37
24
36
37
23
21
41
24
10
36
28
27
37
41
22
43
30
34
29
28
27
19
35
17
28
34
18
28
38
37
29
14
31
34
22
19
43
35
37
23
39
30
34
24
27
22
28
30
30
29
29
39
17
20
31
43
10
28
18
42
38
19
24
21
32
24
35
39
30
26
42
27
23
14
41
41
22
40
29
17
24
37
37
27
20
33
40
26
14
26
32
24
27
22
31
40
13
39
24
38
36
33
29
22
28
18
41
33
19
34
19
35
24
20
25
26
31
30
40
16
30