11
1
2
5
1
2
2
13
7
4
16
1
5
6
4
16
10
1
2
11
10
3
4
11
9
1
3
7
5
19
3
9
8
2
1
10
5
6
5
1
5
25
9
5
2
9
2
29
8
17
1
5
5
1
13
6
2
1
5
3
7
13
4
4
1
5
2
3
5
7
1
4
10
1
2
3
7
4
4
7
1
1
8
3
4
6
5
9
17
8
3
7
2
3
10
5
1
9
2
14
5
6
4
2
4
7
2
6
4
8
26
9
5
3
24
7
3
17
1
2
6
1
1
10
5
6
1
5
6
4
4
17
6
22
4
4
5
12
3
6
1
8
4
1
15
1
6
15
8
12
4
7
8
3
5
2
4
20
11
8
4
2
11
2
3
1
22
16
26
1
9
9
1
4
8
4
3
5
3
4
5
2
2
4
10
2
4
13
4
5
5
24
5
14
3
3
12
5
3
12
1
8
6
8
13
1
6
3
4
3
6
9
12
7
6
9
3
3
5
6
1
15
4
11
9
1
7
13
4
24
5
2
22
1
1
9
1
4
16
1
5
12
5
1
21
4
3
4
1
1
2
3
25
2
5
7
11
3
6
17
4
19
2
1
17
14
1
2
18
3
11
3
7
3
20
7
10
8
8
16
6
11
12
5
1
4
3
14
3
3
4
14
18
10
4
1
20
2
15
1
3
7
7
16
8
8
9
2
2
4
5
1
3
6
8
3
16
3
13
2
1
18
3
3
2
16
5
2
2
2
16
3
1
6
9
4
16
4
10
3
3
4
2
7
2
1
9
5
7
16
3
1
2
11
6
10
15
7
7
22
5
3
1
6
29
29
7
12
7
4
8
3
3
13
13
9
4
3
3
3
1
12
14
1
14
12
3
10
18
7
5
2
8
1
1
3
9
8
10
16
3
3
1
7
4
4
2
4
1
7
3
9
8
11
7
1
10
12
3
18
1
10
1
3
10
17
5
11
14
1
7
4
7
1
5
4
12
1
2
2
17
9
3
4
6
26
3
2
4
4
18
2
4
1
4
1
26
1
8
3
9
2
11
1
13
7
1
4
4
10
1
2
19
6
2
8
1
4
9
8
22
8
2
1
15
6
9
9
7
4
6
2
10
16
8
14
7
13
11
3
4
18
1
7
6
12
8
5
17
3
10
16
28
10
10
3
1
3
8
3
16
6
8
2
2
3
11
2
7
1
10
6
12
14
4
2
1
5
6
6
6
15
5
4
9
1
1
3
1
4
2
11
23
2
22
1
12
5
5
6
4
7
14
18
5
1
2
5
1
13
5
3
3
9
2
3
13
2
2
9
11
7
6
5
1
10
13
1
13
6
14
1
1
15
19
1
5
7
22
12
6
8
1
5
1
3
6
4
10
9
5
3
8
6
15
3
7
1
10
2
11
3
31
9
7
10
18
14
8
6
10
3
1
3
4
13
1
3
7
3
12
11
10
1
2
4
5
14
6
17
3
6
2
4
1
2
2
4
7
4
8
12
5
5
1
10
13
1
3
8
10
1
4
3
9
2
4
17
4
17
18
1
9
17
2
2
1
11
20
6
7
3
12
27
2
1
4
6
1
13
12
9
2
8
4
7
3
8
4
10
9
7
5
11
18
8
2
2
2
9
1
11
8
1
1
5
1
11
8
3
9
5
3
4
7
4
10
3
16
11
6
18
7
1
18
9
7
5
1
10
2
2
20
8
9
1
2
5
2
3
1
3
9
8
5
28
16
1
15
8
2
2
1
16
1
3
3
3
20
1
4
3
3
1
1
2
14
14
1
17
18
13
5
1
2
5
9
2
11
8
3
4
3
1
1
9
1
21
10
15
8
4
4
1
10
17
2
2
5
9
11
7
12
2
4
8
11
3
18
1
2
1
2
1
1
7
11
4
2
7
2
3
16
3
3
5
2
15
8
6
28
7
15
2
9
3
7
7
8
14
2
1
10
16
4
5
14
5
1
3
13
8
11
1
5
12
4
7
3
29
1
7
10
9
2
7
5
4
6
4
3
25
19
8
2
6
3
3
6
5
2
11
13
6
3
21
5
1
1
14
3
3
9
2
13
2
13
1
4
2
8
3
6
1
3
4
4
6
12
2
11
4
4
3
2
6
8
13
14
12
9
10
2
4
4
8
15
2
2
18
21
4
12
22
7
1
7
4
6
24
9
9
14
4
17
14
5
10
11
18
8
9
17
3
2
20
5
2
15
9
3
8
8
7
13
9
3
1
6
2
1
3
19
1
12
21
4
1
8
13
1
9
15
1
8
5
3
2
4
9
4
3
11
3
13
1
24
6
14
2
3
1
3
16
4
3
12
6
12
9
3
12
8
5
7
8
4
1
8
3
9
1
9
12
7
21
1
8
3
2
26
12
10
10
9
2
12
1
3
7
6
7
2
13
2
4
1
18
4
5
15
7
10
19
8
2
17
13
12
6
2
7
5
19
7
8
9
20
7
12
9
12
7
10
8
2
12
5
29
6
3
6
2
2
3
9
2
1
8
1
3
2
18
1
13
3
1
10
11
7
10
18
5
11
4
8
24
11
3
23
11
2
7
2
1
8
1
2
6
19
3
6
3
2
4
14
14
7
12
13
7
3
6
3
11
3
4
4
12
1
3
3
13
1
13
2
11
10
4
5
7
7
4
1
4
3
13
2
6
22
5
13
4
12
6
3
12
7
15
4
1
1
1
2
18
8
6
7
4
4
7
1
8
3
5
11
25
11
2
1
10
11
4
6
7
19
5
4
5
13
1
5
11
19
5
7
4
2
2
3
22
14
9
11
13
8
3
3
4
7
5
4
6
12
7
12
3
2
4
8
5
1
2
5
1
5
2
9
5
17
1
4
3
1
3
4
10
3
8
2
10
10
3
6
1
9
26
3
2
3
4
19
10
2
9
5
13
3
2
2
2
5
8
2
13
2
16
2
4
10
11
7
1
3
15
13
8
6
15
3
9
16
3
16
21
3
2
12
2
8
6
6
6
5
4
1
20
8
2
6
1
3
11
7
7
9
17
7
11
7
8
5
8
9
2
6
8
3
4
2
6
8
5
5
1
2
7
5
7
4
6
9
8
4
15
1
14
6
8
2
11
9
3
1
15
6
4
10
4
4
16
19
7
1
14
15
8
4
3
10
3
3
4
13
1
1
1
8
7
4
7
7
2
2
5
28
24
7
8
17
13
9
2
8
3
9
4
3
4
1
4
9
2
25
1
4
1
9
3
2
5
9
18
3
6
9
6
3
22
16
1
3
5
15
8
4
1
3
2
14
3
5
6
19
7
14
3
14
2
7
12
9
9
13
5
2
11
20
5
4
11
4
8
7
2
1
1
20
7
7
3
4
3
5
2
4
19
2
2